      0/99     7.86G   0.07126   0.01821   0.03262    0.1221        40       640   0.03864    0.1768    0.0316  0.009366   0.09172   0.01951   0.03858
      1/99     10.7G   0.05964   0.01606   0.03149    0.1072        34       640    0.1615    0.3667    0.1586   0.06396   0.07785   0.01864   0.03405
      2/99     10.7G   0.05566   0.01414   0.02676   0.09656        32       640    0.2864    0.4849    0.3868    0.1972   0.07811   0.01434   0.03134
      3/99     10.7G   0.04913   0.01186   0.02171    0.0827        24       640    0.7848    0.4085    0.4618    0.2421   0.07662   0.01301   0.02848
      4/99     10.7G   0.04561   0.01092   0.01933   0.07587        30       640    0.5995    0.2486    0.2132   0.08365   0.09354   0.01082   0.02647
      5/99     10.7G   0.04547   0.01003    0.0202    0.0757        45       640    0.9276    0.3209    0.4596    0.2133   0.07523   0.01266   0.02446
      6/99     10.7G   0.04788  0.009914   0.02052   0.07831        43       640    0.4465    0.2029    0.1749   0.07843   0.08589   0.01402   0.02885
      7/99     10.7G   0.05104   0.01193    0.0244   0.08736        34       640     0.505    0.2143    0.2087    0.0992   0.07661   0.01439   0.02916
      8/99     10.7G   0.04787   0.01125   0.02195   0.08107        38       640    0.4005    0.2985    0.2573    0.1503   0.07809   0.01358   0.02675
      9/99     10.7G   0.04897   0.01173   0.02185   0.08256        35       640   0.09973    0.2368   0.07641   0.03305   0.08401   0.01763   0.03292
     10/99     10.7G    0.0492   0.01189   0.02285   0.08394        29       640    0.5202    0.2476     0.234     0.121   0.07937   0.01423   0.02768
     11/99     10.7G   0.04821   0.01181   0.02328    0.0833        35       640    0.4475   0.08776   0.09091   0.04237   0.09171   0.01534   0.03912
     12/99     10.7G   0.04787   0.01297   0.02465   0.08549        28       640    0.1168    0.2051   0.08366   0.03694   0.08146   0.01605   0.03127
     13/99     10.7G   0.04566   0.01254     0.023    0.0812        34       640   0.05296    0.1488   0.02442  0.008302    0.0906   0.01707   0.03197
     14/99     10.7G    0.0489   0.01316   0.02409   0.08615        31       640    0.4836   0.06404   0.03998   0.01774   0.07966   0.01716   0.02957
     15/99     10.7G    0.0441   0.01196   0.02182   0.07789        29       640    0.4206    0.2493     0.203    0.1093   0.07341   0.01485   0.02736
     16/99     10.7G   0.04806   0.01178   0.02203   0.08187        52       640    0.4333    0.3202    0.2583     0.127   0.07747    0.0151   0.02793
     17/99     10.7G   0.04943   0.01153   0.02225   0.08321        64       640    0.6576    0.3294    0.3224    0.1886   0.07648   0.01344   0.02567
     18/99     10.7G   0.04795   0.01147   0.02234   0.08176        34       640    0.3858    0.4621    0.3542    0.2134   0.06749   0.01336   0.02492
     19/99     10.7G   0.04628   0.01066   0.02165   0.07859        38       640    0.4337     0.398     0.362    0.2304   0.06837   0.01368   0.02477
     20/99     10.7G   0.04481   0.01058   0.02127   0.07667        26       640    0.4997    0.3747    0.3607    0.2305   0.06271   0.01397    0.0252
     21/99     10.7G   0.04463   0.01129   0.02136   0.07727        44       640     0.437    0.5049    0.4018    0.2403   0.06874   0.01321   0.02446
     22/99     10.7G   0.04132   0.01038   0.01734   0.06905        40       640    0.7502    0.4109    0.4466    0.2817   0.06878   0.01338   0.02372
     23/99     10.7G   0.04671   0.01036   0.01845   0.07552        28       640     0.786    0.3589    0.4135     0.241   0.07057   0.01313   0.02416
     24/99     10.7G   0.04605   0.01107   0.01772   0.07484        31       640    0.2421    0.3822    0.2482      0.14   0.07162   0.01495   0.02841
     25/99     11.9G   0.04703   0.01089   0.02001   0.07793        38       640    0.5196    0.1893    0.1924    0.1031    0.0703   0.01686   0.03022
     26/99     11.9G   0.04972   0.01257   0.02458   0.08687        39       640    0.1086    0.2699    0.1053   0.05381   0.07638   0.01662   0.02898
     27/99     11.9G   0.04664   0.01262   0.02335   0.08261        35       640    0.3182    0.1215   0.06212   0.03136   0.08619   0.01623   0.03332
     28/99     11.9G   0.04581   0.01291    0.0237   0.08242        45       640   0.02872   0.05205  0.005609   0.00133   0.09369   0.02159    0.1178
     29/99     11.9G   0.04664   0.01265   0.02229   0.08158        46       640     0.271    0.1851    0.0869   0.03952   0.07231   0.01751   0.02991
     30/99     11.9G   0.05276   0.01316   0.02386   0.08978        38       640      0.51    0.1173   0.06968   0.03426   0.08424   0.01675   0.02982
     31/99     11.9G    0.0507   0.01281   0.02439    0.0879        38       640    0.6081    0.1709     0.155   0.07507   0.07346   0.01713   0.02968
     32/99     11.9G   0.04854   0.01254   0.02433   0.08542        27       640    0.5896    0.2295    0.1933    0.1033   0.07912   0.01548   0.02782
     33/99     11.9G   0.04584   0.01209   0.02282   0.08075        38       640   0.00926    0.1321  0.002274  0.001258    0.1017   0.02286   0.05656
     34/99     11.9G   0.04632   0.01282   0.02172   0.08087        35       640    0.1893    0.1577   0.03493   0.01495   0.09914   0.02414   0.03887
     35/99     11.9G    0.0474   0.01287    0.0231   0.08337        44       640    0.3003    0.2561    0.1628   0.08853   0.07442   0.01622   0.02809
     36/99     11.9G   0.04746   0.01275   0.02298   0.08318        31       640    0.5525    0.2352    0.2363    0.1157   0.07544   0.01501    0.0272
     37/99     11.9G   0.04648   0.01279   0.02206   0.08133        28       640    0.6803    0.2494    0.2749    0.1593    0.0768   0.01436   0.02668
     38/99     11.9G    0.0451   0.01204   0.02199   0.07913        27       640    0.3306    0.4378    0.2516    0.1331   0.07213   0.01477   0.02829
     39/99     11.9G   0.04942   0.01223   0.01956   0.08122        48       640    0.4662    0.4181    0.3243    0.1966   0.07107   0.01421   0.02697
     40/99     11.9G    0.0495   0.01201    0.0228   0.08432        43       640    0.7597    0.2871     0.337    0.1861   0.07085   0.01427   0.02738
     41/99     11.9G     0.043   0.01193   0.01889   0.07382        36       640    0.7322    0.3256    0.3545    0.2078   0.06933   0.01379   0.02693
     42/99     11.9G   0.04569   0.01212   0.01922   0.07703        34       640    0.7538    0.2989    0.3577    0.2133   0.06948   0.01401   0.02735
     43/99     11.9G   0.04569   0.01218   0.02079   0.07866        50       640    0.7486    0.3224    0.3598     0.219   0.07201   0.01381   0.02703
     44/99     11.9G    0.0421   0.01165   0.01972   0.07348        39       640     0.766    0.3046    0.3544    0.2143   0.07116   0.01367   0.02728
     45/99     11.9G   0.04196   0.01183   0.01851   0.07231        36       640    0.5367    0.3526    0.3563    0.2102   0.07012   0.01427   0.02741
     46/99     11.9G   0.04439   0.01218   0.01962   0.07618        32       640    0.4745    0.3891    0.3383    0.2096    0.0702   0.01415   0.02771
     47/99     11.9G   0.04215    0.0119   0.02006   0.07411        30       640     0.569    0.3884    0.4058    0.2531   0.06894   0.01371   0.02576
     48/99     11.9G   0.04139   0.01143   0.01997   0.07279        35       640     0.491    0.4798    0.4104    0.2621   0.07005   0.01385   0.02628
     49/99     11.9G   0.03992   0.01183   0.01855    0.0703        45       640    0.4474    0.4824    0.3789    0.2334   0.06853   0.01382   0.02678
     50/99     11.9G   0.04021   0.01194   0.01626   0.06841        25       640    0.7781    0.3322    0.3997    0.2542   0.06661   0.01356   0.02649
     51/99     11.9G    0.0425   0.01162   0.01967   0.07379        56       640    0.5665    0.4225    0.4036    0.2676   0.06286   0.01406   0.02659
     52/99     11.9G   0.04008   0.01117   0.01845    0.0697        46       640    0.4512    0.4944    0.4348    0.2725   0.06269   0.01414   0.02547
     53/99     11.9G   0.04182   0.01123   0.01755    0.0706        37       640    0.5125    0.4916    0.4384    0.2838   0.06738   0.01383   0.02508
     54/99     11.9G   0.03849   0.01142   0.01834   0.06826        42       640    0.4417    0.5628    0.4709    0.3093   0.06435   0.01398   0.02424
     55/99     11.9G   0.04448   0.01136   0.01928   0.07512        31       640    0.4116    0.5872    0.4778    0.3126   0.06487   0.01364    0.0246
     56/99     11.9G   0.03747    0.0106   0.01615   0.06422        42       640    0.3998    0.5965    0.4756    0.3111   0.06356   0.01382    0.0249
     57/99     11.9G    0.0365   0.01106   0.01559   0.06314        38       640    0.8731     0.375    0.4717    0.3146   0.06266   0.01358    0.0247
     58/99     11.9G   0.03648   0.01085   0.01827   0.06559        35       640    0.5359    0.5155    0.5087    0.3383   0.06161   0.01378   0.02485
     59/99     11.9G   0.04103   0.01151   0.01698   0.06952        36       640    0.5555    0.5595    0.5378    0.3618   0.05997   0.01374   0.02415
     60/99     11.9G   0.03538   0.01049   0.01684   0.06271        31       640    0.4322    0.5649    0.5201    0.3579   0.05937   0.01382    0.0238
     61/99     11.9G   0.03993   0.01067   0.01751   0.06811        37       640    0.4191    0.5946    0.5097    0.3414   0.05874   0.01398   0.02396
     62/99     11.9G   0.04028   0.01056   0.01683   0.06767        58       640    0.4226    0.6963    0.5295    0.3472   0.06026   0.01395   0.02387
     63/99     11.9G   0.04287    0.0111   0.01654   0.07051        51       640    0.4162    0.6716    0.5296    0.3405   0.06035   0.01433   0.02439
     64/99     11.9G   0.03161   0.01093    0.0151   0.05764        32       640    0.6338    0.5495    0.5612    0.3733   0.06078   0.01402   0.02421
     65/99     11.9G   0.03823   0.01105    0.0159   0.06518        32       640    0.5858    0.5519     0.563    0.3725   0.06089   0.01386   0.02401
     66/99     11.9G   0.03878   0.01122   0.01687   0.06687        35       640    0.5552    0.5074    0.5506    0.3673   0.06178   0.01377   0.02373
     67/99     11.9G   0.04193   0.01111   0.01677   0.06982        47       640    0.4501    0.6231    0.5366    0.3633    0.0591   0.01421   0.02411
     68/99     11.9G   0.03696   0.01052   0.01598   0.06346        23       640    0.5138    0.6208    0.5707    0.3822   0.05764   0.01446   0.02416
     69/99     11.9G   0.03913   0.01067   0.01584   0.06564        53       640    0.7313    0.5279     0.597    0.3925   0.05707    0.0144   0.02411
     70/99     11.9G   0.03849    0.0103   0.01717   0.06596        30       640     0.728    0.4866    0.5671    0.3899   0.05761   0.01414   0.02368
     71/99     11.9G   0.03139   0.01011   0.01362   0.05512        48       640    0.6534    0.5397    0.5731    0.3884   0.05695   0.01424   0.02338
     72/99     11.9G   0.03293  0.009827   0.01529   0.05805        31       640    0.6273    0.5917     0.579    0.3897   0.05753   0.01422   0.02338
     73/99     11.9G   0.03873   0.01005   0.01715   0.06593        44       640    0.5641    0.5738    0.5793    0.3775    0.0588    0.0143   0.02382
     74/99     11.9G   0.03394   0.01032   0.01466   0.05892        39       640    0.5598    0.5738    0.5661    0.3835   0.05974   0.01412    0.0238
     75/99     11.9G   0.03475  0.009699    0.0144   0.05886        57       640     0.546    0.6228    0.5809    0.4073   0.05933   0.01428   0.02365
     76/99     11.9G   0.03528   0.01078   0.01442   0.06048        31       640    0.6891    0.5815    0.6195    0.4134   0.05828   0.01397   0.02364
     77/99     11.9G   0.03451   0.01007   0.01536   0.05994        32       640    0.6685     0.612    0.6397    0.4404   0.05755   0.01409   0.02372
     78/99     11.9G   0.03791   0.01044    0.0147   0.06305        45       640     0.621    0.6141    0.6205     0.445   0.05666   0.01444   0.02346
     79/99     11.9G     0.034   0.01042    0.0147   0.05912        28       640     0.574    0.6369    0.6247     0.433   0.05729   0.01427   0.02346
     80/99     11.9G   0.03711   0.01024   0.01564     0.063        44       640    0.7141    0.5774    0.6311    0.4389   0.05664   0.01418   0.02329
     81/99     11.9G   0.03228   0.00997   0.01494   0.05719        40       640    0.6886    0.5893    0.6366    0.4417    0.0559   0.01415   0.02304
     82/99     11.9G   0.03149  0.009819   0.01342   0.05473        34       640     0.644    0.6175    0.6392      0.43   0.05639   0.01404    0.0229
     83/99     11.9G   0.03479  0.009706   0.01387   0.05837        39       640     0.632    0.6474    0.6488    0.4423   0.05561   0.01426   0.02338
     84/99     11.9G   0.03501  0.009819   0.01545   0.06028        43       640    0.6166     0.633    0.6374    0.4504   0.05646   0.01407    0.0229
     85/99     11.9G   0.03471  0.009591   0.01322   0.05753        39       640    0.6242    0.5825    0.6106    0.4261   0.05611   0.01435     0.023
     86/99     11.9G   0.03563   0.01009   0.01501   0.06074        30       640     0.612    0.6309    0.6381    0.4437   0.05657   0.01418   0.02291
     87/99     11.9G   0.03818  0.009841   0.01419    0.0622        47       640      0.69     0.633    0.6577    0.4556   0.05625   0.01423   0.02286
     88/99     11.9G   0.03584  0.009816   0.01448   0.06014        37       640      0.66     0.647    0.6546    0.4656   0.05598   0.01428    0.0226
     89/99     11.9G   0.03417   0.01013   0.01292   0.05723        33       640    0.6837    0.6248    0.6441    0.4644   0.05559   0.01438   0.02248
     90/99     11.9G   0.03301   0.01017   0.01273   0.05591        40       640    0.6608    0.6457    0.6594    0.4801   0.05565   0.01423   0.02265
     91/99     11.9G   0.02946   0.00962    0.0138   0.05289        31       640    0.7449    0.6034    0.6759    0.4757   0.05481   0.01453   0.02262
     92/99     11.9G   0.03223   0.01011   0.01386   0.05619        31       640    0.7698    0.6042     0.678    0.4801    0.0546   0.01437   0.02262
     93/99     11.9G   0.03715  0.009666   0.01494   0.06175        36       640    0.7961    0.5814    0.6808    0.4856   0.05543   0.01422   0.02234
     94/99     11.9G   0.03578  0.009423   0.01393   0.05913        32       640    0.7572    0.6079    0.6759    0.4854   0.05562   0.01444   0.02232
     95/99     11.9G    0.0332  0.009722   0.01336   0.05628        31       640    0.7348    0.6018    0.6741    0.4827   0.05533    0.0145   0.02251
     96/99     11.9G   0.03659   0.00981   0.01405   0.06045        33       640    0.8069    0.5907     0.689    0.4844   0.05582   0.01429   0.02257
     97/99     11.9G   0.03133  0.009378   0.01329     0.054        36       640    0.8157    0.6025    0.6943    0.4856   0.05496   0.01453   0.02252
     98/99     11.9G   0.02759  0.009841   0.01227    0.0497        44       640     0.752    0.6418    0.6852    0.4903   0.05503   0.01442   0.02249
     99/99     11.9G   0.03106  0.009606   0.01278   0.05345        30       640    0.8003    0.5972    0.6731    0.4885    0.0548   0.01437   0.02234
